ID        CUDA   N  Model     PCIE  cpu_ghz  vCPUs    RAM  Disk  $/hr    DLP    DLP/$   score  NV Driver   Net_up   Net_down  R      Max_Days  mach_id  status    host_id  ports  country                 
23898361  12.6  1x  RTX_4090  11.4  3.3      14.0    32.1  556   0.2414  107.2  444.02  362.0  560.35.03   594.2    760.0     99.7   23.4      9585     verified  58023    49     South_Korea,_KR         
28578288  13.0  1x  RTX_4090  23.5  4.4      12.0    64.2  674   0.2547  97.1   381.05  274.7  580.95.05   279.0    467.9     99.3   390.9     12227    verified  74292    98     Nevada,_US              
28578299  13.0  1x  RTX_4090  6.2   4.9      12.0    31.9  738   0.2547  92.4   362.60  274.7  580.95.05   389.6    617.6     99.1   388.9     12423    verified  74292    98     Nevada,_US              
27940148  13.0  1x  RTX_4090  12.7  2.8      12.0    64.5  294   0.2566  99.3   387.03  349.8  580.65.06   3336.8   6453.8    97.6   54.3      13541    verified  80573    124    Hungary,_HU             
26396364  12.9  1x  RTX_4090  12.3  2.0      32.0    64.5  6     0.2681  97.0   362.04  328.3  575.64.03   714.0    814.6     99.8   87.3      42721    verified  305675   1874   France,_FR              
24444849  12.6  1x  RTX_4090  21.7  2.2      32.0    64.5  357   0.2681  98.8   368.61  253.9  560.35.03   281.6    793.9     99.1   53.2      37769    verified  213498   124    Sverdlovsk_Oblast,_RU   
28563320  13.0  1x  RTX_4090  11.7  3.0      16.0    51.5  507   0.2681  97.0   361.76  247.4  580.105.08  1371.2   4383.5    94.6   178.6     49709    verified  44771    199    United_Kingdom,_GB      
27474006  12.6  1x  RTX_4090  11.4  3.3      14.0    32.1  664   0.2681  107.0  399.13  299.7  560.35.03   481.0    470.7     99.9   23.4      18370    verified  55568    49     South_Korea,_KR         
28489066  12.7  1x  RTX_4090  23.4  4.4      16.0    32.2  206   0.2685  75.5   281.07  224.6  565.57.01   848.6    854.1     99.8   61.9      4819     verified  1276     24     Norway,_NO              
28553448  12.2  1x  RTX_4090  21.9  2.0      25.6   103.2  199   0.2856  97.3   340.62  348.9  535.261.03  3266.5   6042.4    99.5   54.4      14205    verified  80573    99     Hungary,_HU             
10991540  12.4  1x  RTX_4090  25.5  3.7      24.0    64.2  1440  0.2869  96.7   337.16  256.5  550.78      212.7    672.9     99.8   203.7     11506    verified  64636    198    Ontario,_CA             
10964882  12.2  1x  RTX_4090  12.4  3.8      8.0     32.1  20    0.2921  97.2   332.77  267.5  535.161.08  661.9    677.1     99.6   59.5      24113    verified  127085   98     Japan,_JP               
25522327  12.9  1x  RTX_4090  12.8  2.8      8.0     32.2  307   0.3081  91.8   297.98  242.1  575.64.03   790.5    764.6     99.0   180.8     42596    verified  134693   124    Hong_Kong,_HK           
27743076  13.0  1x  RTX_4090  25.0  2.2      32.0    64.4  611   0.3147  97.1   308.38  300.3  580.95.05   1615.6   1736.0    99.5   54.7      44906    verified  57929    249    Denmark,_DK             
26222667  12.4  1x  RTX_4090  12.7  3.9      10.0    32.1  5936  0.3209  97.5   303.91  246.8  550.120     477.2    872.0     99.9   203.9     18166    verified  102063   98     Taiwan,_TW              
26435149  12.8  1x  RTX_4090  25.6  3.1      32.0    48.3  296   0.3223  98.4   305.19  217.2  570.172.08  863.4    758.7     98.1   31.0      9624     verified  1256     124    Quebec,_CA              
27893553  13.0  1x  RTX_4090  12.8  2.5      16.0    64.4  232   0.3285  97.5   296.93  307.5  580.95.05   4870.9   5522.3    99.2   235.5     13314    verified  81036    187    Hungary,_HU             
28011462  13.0  1x  RTX_4090  12.8  2.5      16.0    64.4  1450  0.3288  106.2  323.09  322.8  580.95.05   3897.5   6070.0    99.3   160.7     44336    verified  81036    187    Hungary,_HU             
25550035  12.4  1x  RTX_4090  12.8  2.0      13.5    27.1  169   0.3343  96.9   289.77  291.2  550.76      2967.8   4307.7    98.9   84.4      28271    verified  207304   63     Norway,_NO              
26489196  12.4  1x  RTX_4090  12.7  2.5      32.0    64.5  375   0.3343  96.8   289.71  316.5  550.76      4445.5   3976.5    99.5   119.4     44633    verified  207289   124    Norway,_NO              
28562895  13.0  1x  RTX_4090  7.5   2.5      12.8    38.6  86    0.3343  95.2   284.88  218.4  580.95.05   1532.9   2254.1    97.1   168.8     47473    verified  44771    199    United_Kingdom,_GB      
28393818  13.0  1x  RTX_4090  23.6  4.2      12.0    32.0  665   0.3347  97.5   291.43  244.0  580.105.08  827.5    835.2     99.9   24.4      19345    verified  108016   98     Bulgaria,_BG            
28455341  12.9  1x  RTX_4090  25.5  3.6      12.0    64.2  1574  0.3419  97.5   285.27  258.8  575.57.08   2049.7   2180.3    99.3   42.3      24199    verified  34031    98     Sweden,_SE              
27186818  12.4  1x  RTX_4090  11.2  2.0      32.0    16.1  710   0.3481  96.7   277.86  270.2  550.163.01  6648.3   7443.1    98.0   61.0      45205    verified  94202    24     Massachusetts,_US       
19344643  12.8  1x  RTX_4090  22.6  3.5      32.0   129.0  294   0.3481  97.0   278.65  305.2  570.133.07  2701.1   6769.7    99.7   64.0      13450    verified  87485    124    Spain,_ES               
28191653  12.8  1x  RTX_4090  24.2  2.5      32.0   129.0  862   0.3490  99.2   284.28  268.4  570.158.01  6073.3   5353.4    98.8   42.9      10782    verified  34031    12     Sweden,_SE              
13321634  12.6  1x  RTX_4090  19.8  3.7      16.0    32.1  712   0.3540  98.3   277.79  238.1  560.35.03   882.4    888.7     99.9   181.4     29403    verified  121679   99     Sweden,_SE              
28235204  13.0  1x  RTX_4090  11.7  3.6      12.0    64.2  273   0.3601  97.0   269.42  136.6  580.105.08  49.1     310.9     98.1   169.4     9226     verified  8478     499    Poland,_PL              
28429025  12.7  1x  RTX_4090  19.4  2.5      32.0   129.0  1128  0.3605  102.4  284.05  237.8  565.77      199.8    2062.8    99.8   82.7      10447    verified  65436    122    Pennsylvania,_US        
28419952  13.0  1x  RTX_4090  23.5  4.7      12.0    64.2  1233  0.3609  97.0   268.78  273.0  580.95.05   1887.5   2086.3    99.9   84.3      19642    verified  96250    998    Spain,_ES               
13841189  12.6  1x  RTX_4090  25.0  2.3      24.0   256.5  237   0.3609  96.7   268.03  317.2  560.31.02   5553.4   7671.4    99.9   69.0      11851    verified  73118    49     Spain,_ES               
27180335  12.4  1x  RTX_4090  12.3  2.0      21.3    43.0  396   0.3614  96.9   268.00  261.5  550.76      2854.7   4752.9    98.6   163.1     26631    verified  207316   99     Norway,_NO              
26420154  12.8  1x  RTX_4090  20.6  2.9      16.0    96.7  611   0.3747  125.4  334.73  233.9  570.172.08  109.4    190.2     99.6   116.4     39012    verified  135676   124    ,_CN                    
27802807  12.8  1x  RTX_4090  21.2  2.9      16.0    96.7  640   0.3747  119.2  317.99  229.4  570.86.15   65.6     187.8     99.7   116.5     36475    verified  124072   124    ,_CN                    
26396236  12.4  1x  RTX_4090  20.7  3.7      32.0    64.5  756   0.3747  96.7   258.09  310.6  550.120     6225.5   6303.4    99.7   40.7      44201    verified  94202    24     Massachusetts,_US       
13351893  12.6  1x  RTX_4090  24.5  3.8      24.0   128.8  1491  0.3749  98.4   262.38  274.3  560.35.03   5963.7   6208.8    99.9   54.7      17176    verified  79986    249    Texas,_US               
18944001  12.6  1x  RTX_4090  19.5  2.2      32.0   256.5  943   0.3883  97.9   252.02  281.8  560.35.03   6474.4   6277.6    99.8   21.9      14726    verified  79986    99     Texas,_US               
28599689  13.0  1x  RTX_4090  23.6  2.9      64.0   515.6  1648  0.4009  97.5   243.30  210.4  580.95.05   855.6    850.2     99.9   11.9      10398    verified  47518    198    Norway,_NO              
8966810   12.2  1x  RTX_4090  25.0  2.8      6.4    103.1  48    0.4010  96.9   241.57  247.4  535.113.01  3355.1   3703.9    98.6   54.6      15438    verified  1647     199    Iceland,_IS             
9017304   12.2  1x  RTX_4090  25.0  2.8      6.4     51.5  746   0.4010  82.2   205.08  161.3  535.154.05  673.3    650.0     99.6   145.0     16331    verified  1647     104    Iceland,_IS             
8993627   12.8  1x  RTX_4090  25.0  2.8      6.4    103.1  24    0.4010  80.4   200.46  201.5  570.133.07  2983.2   3609.6    99.2   54.2      15493    verified  1647     199    District_of_Columbia,_US
25550187  12.4  1x  RTX_4090  12.8  2.0      25.6    51.6  232   0.4014  97.2   242.18  222.5  550.76      3130.2   4720.4    98.0   84.4      25981    verified  110667   119    Norway,_NO              
26746983  13.0  1x  RTX_4090  23.3  3.5      32.0   129.0  1104  0.4014  97.0   241.58  187.3  580.65.06   769.5    668.2     99.8   358.0     20082    verified  70142    174    Maryland,_US            
24745218  12.2  1x  RTX_4090  25.5  3.9      6.4    103.1  249   0.4014  82.3   204.94  212.3  535.154.05  3499.2   3880.9    99.1   60.5      16235    verified  1647     199    Iceland,_IS             
20998486  12.8  1x  RTX_4090  12.4  2.8      6.4    103.1  128   0.4014  83.7   208.45  212.4  570.133.07  2734.1   3524.9    99.5   54.6      38327    verified  1647     199    Iceland,_IS             
28429703  12.8  1x  RTX_4090  23.3  2.8      6.4     51.5  108   0.4014  96.9   241.40  215.5  570.195.03  747.2    791.4     99.8   176.4     11651    verified  1647     79     Iceland,_IS             
28429721  12.8  1x  RTX_4090  23.2  2.8      6.4     51.5  151   0.4014  96.9   241.43  203.4  570.195.03  731.6    715.8     99.7   176.4     11652    verified  1647     100    Iceland,_IS             
24680174  12.7  1x  RTX_4090  25.0  2.8      6.4    103.1  45    0.4014  98.2   244.75  249.5  565.77      3362.0   3808.3    99.5   58.4      15483    verified  1647     199    District_of_Columbia,_US
28421993  12.8  1x  RTX_4090  25.4  3.9      6.4    103.1  275   0.4014  98.4   245.05  207.5  570.133.07  544.3    643.5     100.0  176.2     14628    verified  1647     100    Iceland,_IS             
28492528  13.0  1x  RTX_4090  12.3  2.2      25.6    64.5  776   0.4014  97.0   241.71  221.8  580.95.05   877.1    2101.5    99.2   36.9      13097    verified  75192    99     Romania,_RO             
27277865  12.6  1x  RTX_4090  20.4  3.7      14.2    57.3  635   0.4014  98.3   244.83  276.4  560.35.05   3944.6   4227.8    99.5   173.8     31969    verified  168135   111    Bulgaria,_BG            
28326818  12.9  1x  RTX_4090  25.0  3.5      32.0   112.9  2785  0.4025  96.9   240.81  208.6  575.57.08   790.4    785.6     99.9   421.0     33405    verified  70142    99     Maryland,_US            
8936188   12.7  1x  RTX_4090  25.0  3.5      12.8   103.1  101   0.4410  83.7   189.83  211.2  565.77      3412.3   3614.2    99.6   145.0     16238    verified  1647     199    Iceland,_IS             
20536434  12.8  1x  RTX_4090  24.3  4.3      25.6   103.1  171   0.4414  98.6   223.35  230.7  570.133.07  4044.7   3981.1    98.5   54.7      37920    verified  1647     199    Iceland,_IS             
28576310  13.0  1x  RTX_4090  25.5  5.8      32.0   192.8  3176  0.4476  81.0   180.94  139.3  580.95.05   422.7    1117.4    99.7   23.4      11051    verified  53856    498    Japan,_JP               
25231551  12.8  1x  RTX_4090  25.0  3.5      12.8   103.1  329   0.4681  98.6   210.64  233.0  570.169     5006.6   6634.3    99.8   77.7      42075    verified  1647     59     Iceland,_IS             
20536452  12.8  1x  RTX_4090  24.1  4.3      25.6   103.1  269   0.4681  83.9   179.32  156.7  570.133.07  546.2    3644.8    98.6   82.7      37921    verified  1647     199    Iceland,_IS             
27204368  13.0  1x  RTX_4090  20.1  2.5      32.0    32.1  321   0.4681  97.2   207.63  267.2  580.95.05   25862.6  27952.4   99.4   137.0     45807    verified  317885   49     Texas,_US               
14143355  12.8  1x  RTX_4090  5.9   2.8      64.0   515.8  1611  0.5340  91.0   170.33  204.3  570.133.07  5113.4   7063.6    99.9   64.0      25240    verified  130210   998    Spain,_ES               
27527832  13.0  1x  RTX_4090  23.7  2.0      32.0   128.9  1169  0.5343  91.8   171.73  187.0  580.95.05   785.8    896.7     99.7   146.4     42995    verified  46431    1249   United_Kingdom,_GB      
28408552  13.0  1x  RTX_4090  23.9  2.2      32.0   128.9  705   0.5347  125.6  234.92  273.4  580.95.05   1750.4   1717.9    99.2   40.1      45083    verified  205655   249    Virginia,_US            
28425801  13.0  1x  RTX_4090  25.5  2.2      84.0    96.4  2518  0.6010  125.6  209.05  214.8  580.105.08  821.0    899.3     99.2   169.5     48260    verified  46431    999    United_Kingdom,_GB      
28500270  13.0  1x  RTX_4090  25.6  2.7      32.0   128.7  2773  0.6010  125.7  209.11  221.6  580.105.08  796.1    877.6     98.8   170.7     48272    verified  46431    999    United_Kingdom,_GB      
28222511  13.0  1x  RTX_4090  21.3  2.0      32.0   129.0  593   0.6014  123.2  204.91  306.9  580.95.05   6643.2   4029.6    99.6   152.5     45912    verified  60400    6249   Texas,_US               
