ID        CUDA   N  Model     PCIE  cpu_ghz  vCPUs    RAM  Disk  $/hr    DLP    DLP/$   score  NV Driver   Net_up   Net_down  R      Max_Days  mach_id  status    host_id  ports  country                 
23898361  12.6  1x  RTX_4090  11.4  3.3      14.0    32.1  556   0.2414  107.2  444.02  352.2  560.35.03   594.2    760.0     99.7   23.4      9585     verified  58023    49     South_Korea,_KR         
28578288  13.0  1x  RTX_4090  23.5  4.4      12.0    64.2  674   0.2547  97.1   381.05  261.4  580.95.05   279.0    467.9     99.3   390.9     12227    verified  74292    98     Nevada,_US              
27940143  13.0  1x  RTX_4090  12.8  2.8      12.0    64.5  294   0.2566  96.8   377.43  321.6  580.65.06   3336.8   6453.8    97.6   54.3      13541    verified  80573    124    Hungary,_HU             
26396366  12.9  1x  RTX_4090  12.4  2.0      32.0    64.5  6     0.2681  97.0   361.91  317.8  575.64.03   714.0    814.6     99.8   87.3      42721    verified  305675   1874   France,_FR              
24444804  12.6  1x  RTX_4090  21.4  2.2      32.0   129.0  358   0.2681  98.4   367.16  283.6  560.35.03   296.7    1213.9    99.4   53.2      34433    verified  213498   124    Sverdlovsk_Oblast,_RU   
24444847  12.6  1x  RTX_4090  23.2  2.2      32.0    64.5  357   0.2681  98.2   366.27  254.7  560.35.03   281.6    793.9     99.1   53.2      37769    verified  213498   124    Sverdlovsk_Oblast,_RU   
28424301  13.0  1x  RTX_4090  23.6  25.5     12.0    64.2  1549  0.2681  106.8  398.41  296.6  580.95.05   489.8    595.2     99.1   390.0     12294    verified  74292    98     Utah,_US                
28598695  12.6  1x  RTX_4090  23.4  7.0      6.4     38.6  504   0.2747  97.5   354.88  313.5  560.35.03   860.9    1534.8    99.7   32.8      31014    verified  51345    59     Poland,_PL              
28194358  12.8  1x  RTX_4090  3.2   2.0      16.0    40.3  324   0.2832  67.8   239.28  232.3  570.195.03  3638.5   7286.6    98.8   54.6      13365    verified  80573    124    Hungary,_HU             
28553448  12.2  1x  RTX_4090  21.9  2.0      25.6   103.2  199   0.2856  97.3   340.62  366.6  535.261.03  3266.5   6042.4    99.5   54.4      14205    verified  80573    99     Hungary,_HU             
10991540  12.4  1x  RTX_4090  25.5  3.7      24.0    64.2  1440  0.2869  96.7   337.16  253.6  550.78      212.7    672.9     99.8   203.7     11506    verified  64636    198    Ontario,_CA             
27743081  13.0  1x  RTX_4090  25.0  2.2      32.0    64.4  611   0.3147  97.4   309.52  293.8  580.95.05   1615.6   1736.0    99.5   54.7      44906    verified  57929    249    Denmark,_DK             
28093078  13.0  1x  RTX_4090  19.9  2.2      42.7   171.9  722   0.3147  96.9   308.03  293.3  580.95.05   1671.6   1683.4    99.3   54.8      44904    verified  57929    332    Denmark,_DK             
26222667  12.4  1x  RTX_4090  12.7  3.9      10.0    32.1  5936  0.3209  97.5   303.91  244.0  550.120     477.2    872.0     99.9   203.9     18166    verified  102063   98     Taiwan,_TW              
11776000  12.0  1x  RTX_4090  25.0  4.7      8.0     32.1  220   0.3214  96.7   300.98  275.5  525.105.17  889.9    898.7     99.9   1731.4    10641    verified  53586    49     France,_FR              
26435146  12.8  1x  RTX_4090  25.6  3.1      32.0    48.3  296   0.3223  98.4   305.41  216.4  570.172.08  863.4    758.7     98.1   31.0      9624     verified  1256     124    Quebec,_CA              
26546130  12.8  1x  RTX_4090  12.4  3.0      32.0    64.4  1644  0.3223  98.9   306.92  239.4  570.172.08  839.1    858.4     99.2   31.0      4927     verified  1256     249    Quebec,_CA              
25550032  12.4  1x  RTX_4090  11.3  2.0      13.5    27.1  169   0.3343  96.9   289.79  289.0  550.76      2967.8   4307.7    98.9   84.4      28271    verified  207304   63     Norway,_NO              
26489191  12.4  1x  RTX_4090  12.7  2.5      32.0    64.5  375   0.3343  96.7   289.37  309.7  550.76      4445.5   3976.5    99.5   119.4     44633    verified  207289   124    Norway,_NO              
28393818  13.0  1x  RTX_4090  23.6  4.2      12.0    32.0  665   0.3347  97.5   291.43  248.1  580.105.08  827.5    835.2     99.9   24.4      19345    verified  108016   98     Bulgaria,_BG            
28410864  12.2  1x  RTX_4090  12.8  2.2      18.3    73.7  174   0.3361  96.7   287.88  218.1  535.183.01  1857.4   2135.7    95.7   204.6     30290    verified  87187    142    Texas,_US               
26822512  13.0  1x  RTX_4090  22.7  2.4      16.0    64.4  722   0.3374  97.0   287.64  298.6  580.82.07   2100.8   2008.8    99.8   95.5      16270    verified  61966    49     British_Columbia,_CA    
28455341  12.9  1x  RTX_4090  25.5  3.6      12.0    64.2  1574  0.3419  97.5   285.27  256.1  575.57.08   2049.7   2180.3    99.3   42.3      24199    verified  34031    98     Sweden,_SE              
19344648  12.8  1x  RTX_4090  21.9  3.5      32.0   129.0  294   0.3481  97.0   278.69  289.6  570.133.07  2701.1   6769.7    99.7   64.0      13450    verified  87485    124    Spain,_ES               
28190764  13.0  1x  RTX_4090  12.8  3.2      8.0     42.9  365   0.3481  97.1   278.87  328.0  580.95.05   4419.7   7088.8    99.4   163.6     46267    verified  208817   499    Ontario,_CA             
28235204  13.0  1x  RTX_4090  11.7  3.6      12.0    64.2  273   0.3601  97.0   269.42  129.5  580.105.08  49.1     310.9     98.1   169.4     9226     verified  8478     499    Poland,_PL              
28429025  12.7  1x  RTX_4090  19.4  2.5      32.0   129.0  1128  0.3605  102.4  284.05  222.8  565.77      199.8    2062.8    99.8   82.7      10447    verified  65436    122    Pennsylvania,_US        
28419952  13.0  1x  RTX_4090  23.5  4.7      12.0    64.2  1233  0.3609  97.0   268.78  285.9  580.95.05   1887.5   2086.3    99.9   84.3      19642    verified  96250    998    Spain,_ES               
13841183  12.6  1x  RTX_4090  25.0  2.3      24.0   256.5  237   0.3609  96.8   268.13  320.0  560.31.02   5553.4   7671.4    99.9   69.0      11851    verified  73118    49     Spain,_ES               
25592404  12.8  1x  RTX_4090  19.1  2.4      16.0   129.0  302   0.3614  98.8   273.33  296.4  570.158.01  1184.9   6101.6    99.8   85.8      40881    verified  150781   8066   France,_FR              
22694033  12.8  1x  RTX_4090  12.7  4.0      12.0    64.4  360   0.3614  97.2   268.98  302.1  570.144     5055.7   6799.3    99.7   64.0      34873    verified  210779   99     Spain,_ES               
13651731  13.0  1x  RTX_4090  19.7  3.7      32.0   513.0  486   0.3619  97.2   268.52  314.8  580.105.08  4640.5   7295.0    99.9   69.0      19883    verified  87485    249    Spain,_ES               
13144387  13.0  1x  RTX_4090  12.8  3.5      42.7    85.9  561   0.3743  97.1   259.33  261.8  580.95.05   4499.6   6188.5    99.2   68.7      26256    verified  34742    32     Utah,_US                
28542991  12.6  1x  RTX_4090  22.9  2.9      16.0    96.7  728   0.3745  123.3  329.21  255.7  560.35.05   79.2     373.9     99.8   108.1     26317    verified  135676   124    ,_CN                    
27802809  12.8  1x  RTX_4090  21.5  2.9      16.0    96.7  640   0.3747  120.4  321.25  215.4  570.86.15   65.6     187.8     99.7   116.5     36475    verified  124072   124    ,_CN                    
27616895  12.8  1x  RTX_4090  22.4  2.0      32.0    64.5  763   0.3747  98.6   263.20  295.0  570.195.03  6334.9   7316.9    99.2   61.0      46823    verified  94202    24     Massachusetts,_US       
26721656  13.0  1x  RTX_4090  12.8  2.2      16.0    64.4  1420  0.3881  97.2   250.55  198.6  580.95.05   807.8    741.6     99.9   358.0     32809    verified  70142    99     Maryland,_US            
18944001  12.6  1x  RTX_4090  19.5  2.2      32.0   256.5  943   0.3883  97.9   252.02  282.9  560.35.03   6474.4   6277.6    99.8   21.9      14726    verified  79986    99     Texas,_US               
28599689  13.0  1x  RTX_4090  23.6  2.9      64.0   515.6  1648  0.4009  97.5   243.30  206.6  580.95.05   855.6    850.2     99.9   11.9      10398    verified  47518    198    Norway,_NO              
9017305   12.2  1x  RTX_4090  25.0  2.8      6.4     51.5  746   0.4010  82.2   205.09  173.4  535.154.05  673.3    650.0     99.6   145.0     16331    verified  1647     104    Iceland,_IS             
8993625   12.8  1x  RTX_4090  25.0  2.8      6.4    103.1  24    0.4010  80.5   200.63  210.7  570.133.07  2983.2   3609.6    99.2   54.2      15493    verified  1647     199    District_of_Columbia,_US
7682489   12.2  1x  RTX_4090  12.5  3.5      12.8   103.1  202   0.4010  82.4   205.54  218.1  535.113.01  3233.9   3819.3    99.2   145.0     16131    verified  1647     199    Iceland,_IS             
26746983  13.0  1x  RTX_4090  23.3  3.5      32.0   129.0  1104  0.4014  97.0   241.58  190.3  580.65.06   769.5    668.2     99.8   358.0     20082    verified  70142    174    Maryland,_US            
25542666  12.8  1x  RTX_4090  12.8  2.5      21.3    43.0  352   0.4014  98.6   245.55  268.1  570.86.15   4870.5   4139.9    99.4   84.2      31668    verified  207289   16     Norway,_NO              
22075594  12.7  1x  RTX_4090  25.0  2.8      6.4    103.1  53    0.4014  98.2   244.72  255.2  565.77      3405.1   3895.0    99.1   54.4      15492    verified  1647     199    Iceland,_IS             
25814665  12.7  1x  RTX_4090  25.5  3.9      6.4    103.1  143   0.4014  98.6   245.62  233.4  565.77      2596.6   3438.3    99.1   93.6      15963    verified  1647     199    Iceland,_IS             
20998488  12.8  1x  RTX_4090  23.6  2.8      6.4    103.1  128   0.4014  83.7   208.58  222.3  570.133.07  2734.1   3524.9    99.5   54.6      38327    verified  1647     199    Iceland,_IS             
28429706  12.8  1x  RTX_4090  23.3  2.8      6.4     51.5  108   0.4014  96.9   241.41  209.7  570.195.03  747.2    791.4     99.8   176.4     11651    verified  1647     79     Iceland,_IS             
28429718  12.8  1x  RTX_4090  23.2  2.8      6.4     51.5  151   0.4014  96.9   241.33  205.0  570.195.03  731.6    715.8     99.7   176.4     11652    verified  1647     100    Iceland,_IS             
22338216  12.7  1x  RTX_4090  25.4  3.5      12.8   103.1  228   0.4014  98.6   245.65  200.3  565.77      1043.1   3013.6    97.9   82.6      15969    verified  1647     199    Iceland,_IS             
28492537  13.0  1x  RTX_4090  12.8  2.2      25.6    64.5  776   0.4014  97.4   242.62  206.2  580.95.05   877.1    2101.5    99.2   36.9      13097    verified  75192    99     Romania,_RO             
27711954  12.3  1x  RTX_4090  11.3  4.0      12.0    64.1  3134  0.4014  96.8   241.26  285.2  545.23.06   3824.2   2752.1    100.0  152.7     21693    verified  85368    1997   New_Jersey,_US          
28326818  12.9  1x  RTX_4090  25.0  3.5      32.0   112.9  2785  0.4025  96.9   240.81  208.9  575.57.08   790.4    785.6     99.9   421.0     33405    verified  70142    99     Maryland,_US            
25552408  12.4  1x  RTX_4090  12.1  2.0      21.3    43.0  239   0.4414  97.1   219.88  227.5  550.76      2401.1   3137.4    99.5   163.1     26308    verified  207316   99     Norway,_NO              
12128639  12.4  1x  RTX_4090  25.4  2.7      25.6   103.1  221   0.4414  96.9   219.46  216.4  550.107.02  3657.6   3674.8    98.7   54.7      27112    verified  1647     199    Iceland,_IS             
28576310  13.0  1x  RTX_4090  25.5  5.8      32.0   192.8  3176  0.4476  81.0   180.94  140.4  580.95.05   422.7    1117.4    99.7   23.4      11051    verified  53856    498    Japan,_JP               
25231549  12.8  1x  RTX_4090  12.5  3.5      12.8   103.1  329   0.4681  98.5   210.44  254.1  570.169     5006.6   6634.3    99.8   77.7      42075    verified  1647     59     Iceland,_IS             
20536450  12.8  1x  RTX_4090  23.8  4.3      25.6   103.1  269   0.4681  83.9   179.28  149.7  570.133.07  546.2    3644.8    98.6   82.7      37921    verified  1647     199    Iceland,_IS             
27099721  13.0  1x  RTX_4090  15.8  2.8      16.0    32.1  182   0.4681  97.0   207.33  286.3  580.95.05   27759.6  28636.1   99.7   134.6     45656    verified  317885   49     Texas,_US               
27527832  13.0  1x  RTX_4090  23.7  2.0      32.0   128.9  1169  0.5343  91.8   171.73  189.4  580.95.05   785.8    896.7     99.7   146.4     42995    verified  46431    1249   United_Kingdom,_GB      
28408552  13.0  1x  RTX_4090  23.9  2.2      32.0   128.9  705   0.5347  125.6  234.92  265.7  580.95.05   1750.4   1717.9    99.2   40.1      45083    verified  205655   249    Virginia,_US            
28425799  13.0  1x  RTX_4090  25.5  2.2      84.0    96.4  2518  0.6010  125.6  208.96  214.1  580.105.08  821.0    899.3     99.2   169.5     48260    verified  46431    999    United_Kingdom,_GB      
28500270  13.0  1x  RTX_4090  25.6  2.7      32.0   128.7  2773  0.6010  125.7  209.11  206.5  580.105.08  796.1    877.6     98.8   170.7     48272    verified  46431    999    United_Kingdom,_GB      
28222511  13.0  1x  RTX_4090  21.3  2.0      32.0   129.0  593   0.6014  123.2  204.91  291.7  580.95.05   6643.2   4029.6    99.6   152.5     45912    verified  60400    6249   Texas,_US               
